1,3,11,12,13,14,15,16,17,18,20,21,22,23,25
2,5,8,12,13,16,18,21,22,23,25
1,5,8,11,12,13,16,18,21,22,23,25
1,2,3,12,16,18,19,21,22,23,25
3,9,11,12,13,14,15,16,17,18,20,21,22,23,25
1,3,5,11,16,17,18,21,22,23,25
5,7,8,10,16,18,19,21,22,23,24
2,5,8,10,12,13,16,18,19,21,22,23,24
8,10,14,16,17,18,19,21,22,23,24
1,2,11,12,14,16,18,19,21,22,23
1,2,8,12,13,16,18,19,20,21,22,23,25
1,2,11,15,16,18,19,21,22,23,25
5,12,13,14,16,17,18,19,20,21,22,23,25
3,9,12,13,14,15,16,18,20,21,22,23,25
1,5,11,15,16,17,18,21,22,23,25
2,9,12,14,16,17,18,19,21,22,23
2,5,8,12,13,15,16,18,19,20,21,22,23
8,9,12,13,14,16,18,19,20,21,22,23,25
1,3,5,11,12,13,16,18,19,20,21,22,23,25
2,8,10,13,16,18,19,21,22,23,24
1,2,7,10,16,18,19,21,22,23,25
3,7,10,15,16,17,18,21,22,23,25
2,7,10,12,16,17,18,19,21,22,23,24
3,7,10,15,16,17,18,19,21,22,23,25
1,2,5,8,11,12,13,15,16,18,19,20,21,22,23
1,2,3,5,7,10,11,16,18,21,22,23,24
2,7,10,11,16,18,19,21,22,23,25
2,6,7,8,10,16,18,19,21,22,23
1,2,3,12,14,16,18,21,22,23,25
5,7,10,13,14,16,17,18,19,20,21,22,23,24,25
1,2,3,5,14,16,18,19,21,22,23
1,2,3,9,11,12,16,18,21,22,23
1,2,11,12,13,14,16,17,18,20,21,22,23,25
1,5,10,13,16,18,19,20,21,22,23,24
2,3,9,11,16,18,19,20,21,22,23,25
1,3,5,9,12,13,15,16,17,18,20,21,22,23,25
3,5,11,14,15,16,18,19,21,22,23
1,2,3,5,11,16,17,18,21,22,23
2,7,10,14,16,17,18,21,22,23,24,25
8,10,13,16,18,19,20,21,22,23,24
1,2,3,5,12,16,18,21,22,23,25
1,2,8,10,11,12,16,17,18,19,21,22,23,24
8,12,13,14,16,18,19,21,22,23,25
5,7,10,13,16,18,20,21,22,23,24,25
1,2,3,7,10,16,17,18,21,22,23,25
3,7,10,13,14,16,18,19,20,21,22,23,24
1,2,5,8,10,13,15,16,18,19,21,22,23,24
1,3,5,8,11,12,13,16,17,18,20,21,22,23,25
1,3,12,13,14,15,16,18,20,21,22,23,25
1,2,5,11,15,16,18,19,21,22,23
1,3,5,9,14,15,16,17,18,21,22,23,25
1,3,5,7,8,10,11,13,16,17,18,21,22,23,24
1,2,11,12,14,15,16,17,18,19,21,22,23
1,2,3,5,11,16,18,19,21,22,23
1,5,14,16,17,18,19,21,22,23,25
1,2,3,11,12,16,18,21,22,23,25
2,3,5,11,12,14,16,17,18,21,22,23,25
8,10,13,14,16,18,19,20,21,22,23,24
1,11,14,15,16,17,18,19,21,22,23
2,3,7,10,16,17,18,21,22,23,25
2,3,8,10,13,16,18,21,22,23,24,25
1,3,5,12,13,16,18,20,21,22,23,25
1,2,12,14,15,16,18,19,21,22,23
2,5,8,12,13,16,18,19,21,22,23,25
1,3,5,8,11,12,13,16,17,18,20,21,22,23
3,12,13,15,16,17,18,20,21,22,23,25
2,8,12,13,14,16,17,18,19,21,22,23,25
1,3,5,15,16,17,18,21,22,23,25
8,12,13,16,18,19,20,21,22,23,25
1,7,8,9,10,11,13,16,18,21,22,23,24
1,3,5,12,13,15,16,17,18,20,21,22,23,25
1,2,3,9,11,14,15,16,17,18,20,21,22,23,25
1,2,3,5,7,8,10,11,13,16,17,18,21,22,23,24
2,9,11,12,14,15,16,17,18,20,21,22,23,25
5,11,12,13,15,16,17,18,20,21,22,23,24,25
2,8,9,11,12,13,16,18,19,20,21,22,23,25
2,3,5,12,13,14,16,17,18,20,21,22,23,25
1,7,10,13,15,16,18,20,21,22,23,24
3,9,12,14,15,16,18,19,21,22,23,25
1,9,12,14,16,18,19,21,22,23,25
2,4,7,8,10,16,18,19,21,22,23
3,5,11,12,13,14,15,16,18,19,20,21,22,23
