3,4,6,7,8,10,12,13,14,16,19,21,22,23,24,25
1,5,8,10,13,15,16,21,22,23,25
2,5,11,12,13,14,16,17,21,22,23,25
2,9,10,11,14,15,16,17,21,22,23
1,2,5,10,12,13,14,16,19,21,22,23,24
1,2,3,9,10,11,12,13,14,16,17,19,20,21,22,23,25
10,11,12,14,15,16,19,21,22,23,25
1,2,3,5,7,8,9,13,15,16,19,20,21,22,23
1,2,9,10,15,16,17,21,22,23,25
1,3,4,6,7,8,10,12,15,16,19,20,21,22,23,24,25
2,3,9,10,12,16,17,21,22,23,25
1,2,3,4,6,7,9,10,12,13,14,16,19,20,21,22,23,24,25
1,5,8,9,10,13,15,16,19,21,22,23
1,9,11,14,15,16,20,21,22,23,25
1,2,3,4,6,7,9,10,12,13,14,15,16,19,21,22,23,24
2,3,7,8,9,10,13,16,17,19,21,22,23,25
1,2,5,9,10,13,14,15,16,19,21,22,23
1,2,9,12,15,16,17,20,21,22,23,25
3,4,6,7,12,13,14,16,17,21,22,23,24,25
3,4,6,7,9,10,12,15,16,19,20,21,22,23,24,25
1,2,5,9,12,15,16,19,21,22,23,24,25
3,4,6,7,9,10,12,14,15,16,17,21,22,23,24
1,2,3,5,9,15,16,20,21,22,23
1,4,6,7,12,16,17,20,21,22,23,24,25
2,10,11,12,13,14,16,20,21,22,23,25
1,3,4,6,7,8,9,12,13,14,16,19,20,21,22,23,24,25
2,3,4,6,7,8,9,10,12,16,17,21,22,23,24,25
2,3,4,6,7,10,12,14,15,16,19,21,22,23,24,25
1,2,5,10,13,14,16,19,21,22,23
1,2,5,7,9,15,16,20,21,22,23,24
1,4,6,7,8,9,12,13,15,16,17,20,21,22,23,24,25
2,3,4,6,7,8,10,12,14,16,19,21,22,23,24
1,6,9,10,13,15,16,21,22,23,25
1,2,9,11,15,16,17,21,22,23,24
1,5,10,11,12,15,16,17,19,20,21,22,23,25
1,3,4,6,7,9,12,14,16,21,22,23,24,25
1,2,3,9,13,14,16,20,21,22,23,25
11,12,13,14,16,17,19,21,22,23,25
1,3,5,9,11,12,14,15,16,21,22,23,25
2,3,9,10,12,13,16,19,21,22,23,25
1,2,3,9,10,11,12,13,14,16,20,21,22,23,25
1,2,9,13,15,16,17,20,21,22,23,24,25
1,7,9,13,15,16,17,21,22,23,25
2,3,5,9,15,16,19,21,22,23,25
1,2,4,5,8,10,11,12,15,16,19,20,21,22,23,25
1,2,3,5,7,8,9,13,16,19,20,21,22,23
2,3,9,10,12,13,16,17,21,22,23,25
2,5,10,12,13,14,16,19,21,22,23
2,3,7,8,10,13,14,16,17,19,21,22,23,25
1,4,6,7,9,12,15,16,20,21,22,23,24
1,2,10,13,14,16,19,21,22,23,25
2,4,5,6,8,12,16,19,21,22,23,25
1,3,9,10,11,14,15,16,21,22,23
1,2,12,14,16,17,21,22,23,24,25
1,3,5,10,12,14,16,19,21,22,23
3,4,6,7,9,12,15,16,21,22,23,24,25
1,2,4,9,12,13,14,15,16,17,20,21,22,23,25
1,4,6,7,9,12,13,14,15,16,20,21,22,23,24,25
1,2,5,11,12,15,16,19,20,21,22,23,25
2,10,11,12,14,15,16,19,21,22,23,25
1,3,4,6,7,9,12,13,16,19,20,21,22,23,24
1,11,12,14,16,17,19,21,22,23,25
1,9,13,14,15,16,20,21,22,23,25
1,2,3,5,9,15,16,19,20,21,22,23
1,3,9,12,14,15,16,17,21,22,23,25
1,2,3,7,8,9,11,13,14,16,17,19,20,21,22,23,25
1,2,3,5,9,12,13,14,15,16,21,22,23,25
1,2,3,9,10,13,16,20,21,22,23,25
1,2,3,9,13,16,19,20,21,22,23
1,2,3,5,9,11,12,14,15,16,21,22,23,25
1,2,10,11,12,14,16,17,21,22,23,25
2,3,4,6,7,10,12,13,14,16,19,21,22,23,24
1,2,9,14,15,16,20,21,22,23,25
1,3,5,9,15,16,19,21,22,23,25
2,3,10,15,16,19,20,21,22,23,25
2,5,11,12,13,14,16,17,21,22,23,24
1,2,9,10,11,12,14,16,17,21,22,23,25
1,3,4,6,7,9,10,12,13,15,16,21,22,23,24,25
1,2,9,11,14,16,17,20,21,22,23,25
2,3,7,8,10,13,14,16,17,19,21,22,23
1,2,3,9,12,14,15,16,17,21,22,23,25
1,3,5,9,10,14,15,16,19,21,22,23
1,3,4,6,7,9,12,13,14,15,16,17,20,21,22,23,24,25
3,9,10,15,16,19,20,21,22,23,25
