5,6,7,11,13,15,16,17,18,19,21,22,23,24,25
1,2,3,5,6,7,10,11,15,16,17,18,21,22,23
1,2,3,4,6,13,15,16,18,21,22,23
1,3,4,10,11,12,15,16,18,19,20,21,22,23,25
11,13,14,16,17,18,19,21,22,23,25
3,5,6,10,12,14,16,18,21,22,23
4,5,7,13,16,17,18,21,22,23,24
2,3,7,9,16,17,18,19,20,21,22,23
1,3,4,9,13,16,17,18,21,22,23
3,7,8,12,14,16,18,21,22,23,25
2,3,5,8,10,12,13,14,15,16,17,18,21,22,23
5,10,11,13,14,16,18,21,22,23,25
1,3,7,8,14,15,16,18,21,22,23,25
1,5,8,11,13,15,16,18,21,22,23,25
2,3,6,7,12,15,16,18,19,21,22,23
1,3,7,12,16,17,18,20,21,22,23,25
1,5,7,8,12,13,16,18,21,22,23,25
4,5,6,9,12,16,17,18,19,20,21,22,23,25
1,9,11,12,14,15,16,18,21,22,23
5,9,10,11,13,16,18,21,22,23,24
2,8,10,11,12,13,15,16,17,18,21,22,23
1,3,8,9,12,16,18,20,21,22,23,24
3,5,6,12,13,14,16,18,21,22,23,24,25
1,2,4,5,7,10,16,18,21,22,23
4,5,9,12,14,16,17,18,21,22,23,24,25
3,4,6,7,9,12,15,16,18,20,21,22,23
1,2,6,7,10,13,15,16,18,21,22,23,24,25
1,6,7,13,14,15,16,17,18,19,21,22,23,24,25
1,4,14,15,16,18,19,20,21,22,23
1,2,3,4,13,16,18,19,21,22,23,24,25
1,2,3,5,8,9,12,16,17,18,19,21,22,23
1,3,8,13,14,16,17,18,20,21,22,23,25
2,7,8,10,12,16,18,21,22,23,25
1,11,12,13,16,18,20,21,22,23,24
1,3,4,6,8,15,16,18,21,22,23
2,5,6,8,9,10,16,18,19,20,21,22,23,24
1,3,4,6,9,10,11,16,18,20,21,22,23
1,2,12,15,16,17,18,19,20,21,22,23
6,12,13,15,16,18,19,21,22,23,24,25
3,6,7,8,9,11,16,17,18,20,21,22,23
7,11,15,16,17,18,21,22,23,24,25
1,2,3,7,13,16,18,21,22,23,24
2,5,8,11,12,16,17,18,21,22,23
1,3,9,10,13,14,15,16,17,18,21,22,23
1,5,6,8,12,15,16,18,19,21,22,23,24
3,5,6,7,9,12,15,16,17,18,21,22,23,24,25
7,10,11,12,15,16,17,18,21,22,23
2,4,6,7,8,9,11,12,14,16,18,20,21,22,23
1,3,7,9,10,12,14,16,18,21,22,23
2,5,11,15,16,18,19,21,22,23,24
2,4,8,12,13,16,18,21,22,23,24
6,12,13,15,16,17,18,21,22,23,24
2,5,11,14,16,17,18,19,21,22,23
1,5,8,10,13,14,16,18,19,21,22,23,24
3,4,7,8,10,11,14,15,16,18,21,22,23,25
1,5,6,9,12,16,18,21,22,23,24
1,4,6,13,14,16,18,20,21,22,23,25
1,2,5,8,10,12,13,14,16,18,21,22,23
10,12,13,14,16,17,18,20,21,22,23
1,2,3,6,8,10,14,16,17,18,21,22,23,25
3,4,7,8,16,18,19,21,22,23,24
1,6,9,11,16,18,19,21,22,23,25
2,5,11,12,14,15,16,18,21,22,23
4,6,7,8,14,16,18,21,22,23,24
2,4,5,7,8,9,10,11,16,18,20,21,22,23
3,4,5,7,11,13,16,18,20,21,22,23,24
7,10,11,16,18,19,21,22,23,24,25
3,4,5,10,14,16,17,18,19,21,22,23,24
2,3,4,5,7,8,11,14,16,17,18,20,21,22,23,25
3,4,8,13,14,15,16,17,18,21,22,23
1,2,3,5,9,12,14,16,17,18,19,20,21,22,23
2,3,4,5,7,8,15,16,17,18,21,22,23,25
1,5,6,7,10,11,12,16,17,18,19,21,22,23
1,3,6,8,10,11,16,18,20,21,22,23
1,2,4,8,14,16,18,19,21,22,23
5,8,11,14,16,17,18,20,21,22,23
4,5,15,16,18,20,21,22,23,24,25
3,4,12,13,14,16,18,21,22,23,24
1,2,4,5,6,7,9,11,16,18,21,22,23,24
3,6,9,10,11,12,13,15,16,18,19,21,22,23
3,4,8,10,14,16,17,18,21,22,23
3,5,7,8,9,15,16,18,21,22,23,24
