11,23
1,16
25,16
12,14,17,18,19
8,15,17,19,23
6,21
9,16
3,4,6,22,24
6,22
18,10
16,19,21
25,22
21
16,17,18,19,22
12,18,25
16,22
4,16,18,23
18,21,22
3
3,16
10,23
14,22
21,22,23
17,16
17,21
7
3,16,21
8,21,23
19,16
8,10,22,23
15,23
21,23,24
17,23
8,21
23
20,23
17,22
20
3,12,21
16,18,25
4,16
16,20,21,23
9,23
1,16,17,19,22
11
18,20,21,24
21,22
8,10,16
10,18
10,11,23
16,18,21,23
6,18,21,22,23
4,18
11,18,21,23
11,18,22,23
6,16,18,22,23
4
8,22
8,18
10,16,18,21
17
23,16
24,22
25,18
16,22,23
17,18
16,18,20,21,23
12,15,16,18,22
18,22
18,21,22,23
11,16,23
10,12,16,18
12
18,19,21
5,18
7,16
16,18,20,21
8,10,17,22,23
4,6,7,22,23
15,22
12,18,21,22
10,13,18
4,6,11,18,23
10,16,18,22,23
7,23
8,14,16,21
2,12,13,18,22
6,23
23,21
12,18
24,16
11,18,21,23,25
3,7,16,22
12,18,23
2,22
15,18
7,21
24
9,18
14,18
10,12,18
19,23
3,6,7,21,22
2
16,18,20,21,22
10,22,23
14
6,11,18,22,23
21,16
18,23
2,23
1,17,18,19,22
2,21
24,23
12,18,20,21,24
25,21
6
16,18,19,22
3,7,16,18
4,11,16,18,23
12,23
16,18,22,23
10,16,21
8,16,23
7,21,22,23
10,18,19,21,25
14,16
22
3,18
9,14,15,22
18,20,21,23
8,16,18,20,21
19
18,19,20,24,25
16,21,22,23
12,16
7,16,21,22,23
5,22
3,7,16,21,22
2,16
12,21
4,22
5,21
4,21
8,18,20,23
10,16
16
3,12,13,16,22
3,4,16,18,24
16,19,22,23
16,18,21,22
1,22
20,21,22,23
13,23
8,14,19,20,21
18,22,23
8,18,20,21,22
5,16
8,9,16,21,25
2,15,16
13,22
15,22,23
10,21
5,23
8,18,21
2,16,23
22,23,24
11,16
8,15,23
3,4,12,15,21
2,12,23
16,18,23
18,19,20,25
12,16,18,22
18,21,24
3,7,16,21
3,19,21
17,18,20,22
18,21,23
8,17,20,21
3,4,6,21,23
16,17,19,22,23
4,23
19,20,21,23
20,21
6,16
10,16,18,21,25
8,16,17,19,23
16,18,22
4,11,18,23
12,16,18,23
9
8,12,14,16
16,19,21,22,23
16,18,21,22,23
3,6,21,23
2,18,23
8
11,21,23
16,17,19,22
14,18,21,22,25
9,10,17,19,22
12,16,18
11,22
2,9,16,24
3,4,12,21
15,16,25
3,6,16,21,23
1,18
13,18
3,23
8,9,19,21,22
19,20,21,22,23
18
3,21
15
7,16,21,23
7,18
10,18,22,23
8,10,18
7,16,21,22
11,18,23
20,16
3,7,21,22
2,9,16,17,25
24,18
8,11,12,13,16
9,22
14,21
14,23
18,20,21,23,24
1
15,21
13,21
25
4,6,11,12,23
19,21,22,25
11,21
4,6,16,22,23
4,6,11,16,23
19,18
18,20,21,22,23
8,19,21
10,22
12,22
10
19,22
3,22
8,17,20,21,23
8,23
18,21
24,21
18,19,21,22
5
18,16
12,13,18,22
10,18,21,25
2,18
2,8,16,23
16,18,21
11,18
1,23
20,18
12,17,18,19
15,16
2,18,20,22,23
8,14,19,23
16,19,20,21,23
6,16,18,21,23
3,6,21,22,23
3,6,7,16,21
1,21
5,12,18,20,23
7,22
8,16,21,22
16,21,23
4,6,22,23
4,16,22,23
8,12,16,18,23
13
4,6,11,23
8,16,17,21,22
9,21
25,23
23,22
19,21
6,18
20,22
16,21,22
13,16
6,11,16,23
